0 1 184
0 2 87
0 3 378
0 4 116
0 5 194
0 6 336
0 7 187
0 8 93
0 9 250
0 10 222
0 11 363
0 12 28
0 13 291
0 14 60
0 15 164
0 16 327
0 17 141
0 18 227
0 19 373
0 20 137
0 21 12
0 22 169
0 23 168
1 0 30
1 2 183
1 3 331
1 4 63
1 5 324
1 6 68
1 7 336
1 8 330
1 9 203
1 10 23
1 11 259
1 12 270
1 13 168
1 14 194
1 15 57
1 16 212
1 17 43
1 18 230
1 19 174
1 20 22
1 21 120
1 22 185
1 23 138
2 0 399
2 1 325
2 3 316
2 4 371
2 5 14
2 6 327
2 7 92
2 8 181
2 9 357
2 10 274
2 11 63
2 12 371
2 13 197
2 14 82
2 15 306
2 16 126
2 17 285
2 18 328
2 19 337
2 20 106
2 21 47
2 22 130
2 23 114
3 0 258
3 1 125
3 2 296
3 4 383
3 5 146
3 6 15
3 7 168
3 8 235
3 9 365
3 10 44
3 11 151
3 12 288
3 13 9
3 14 77
3 15 379
3 16 189
3 17 385
3 18 204
3 19 252
3 20 355
3 21 400
3 22 333
3 23 261
4 0 77
4 1 169
4 2 140
4 3 13
4 5 227
4 6 187
4 7 95
4 8 340
4 9 396
4 10 171
4 11 235
4 12 379
4 13 268
4 14 202
4 15 98
4 16 103
4 17 118
4 18 93
4 19 253
4 20 357
4 21 102
4 22 281
4 23 287
5 0 242
5 1 266
5 2 90
5 3 45
5 4 220
5 6 41
5 7 330
5 8 32
5 9 118
5 10 98
5 11 172
5 12 82
5 13 276
5 14 310
5 15 128
5 16 168
5 17 257
5 18 298
5 19 354
5 20 187
5 21 166
5 22 107
5 23 284
6 0 220
6 1 225
6 2 329
6 3 72
6 4 133
6 5 30
6 7 304
6 8 20
6 9 271
6 10 169
6 11 109
6 12 316
6 13 341
6 14 150
6 15 197
6 16 324
6 17 219
6 18 246
6 19 47
6 20 252
6 21 122
6 22 356
6 23 380
7 0 289
7 1 165
7 2 229
7 3 242
7 4 351
7 5 394
7 6 301
7 8 235
7 9 165
7 10 125
7 11 115
7 12 188
7 13 257
7 14 144
7 15 92
7 16 228
7 17 366
7 18 260
7 19 337
7 20 233
7 21 152
7 22 38
7 23 29
8 0 76
8 1 208
8 2 275
8 3 122
8 4 59
8 5 396
8 6 30
8 7 38
8 9 236
8 10 194
8 11 219
8 12 29
8 13 144
8 14 212
8 15 329
8 16 330
8 17 377
8 18 5
8 19 44
8 20 164
8 21 214
8 22 139
8 23 207
9 0 41
9 1 105
9 2 19
9 3 329
9 4 289
9 5 170
9 6 318
9 7 318
9 8 197
9 10 125
9 11 144
9 12 271
9 13 184
9 14 91
9 15 300
9 16 173
9 17 326
9 18 45
9 19 391
9 20 306
9 21 140
9 22 155
9 23 187
10 0 70
10 1 83
10 2 143
10 3 65
10 4 198
10 5 308
10 6 156
10 7 5
10 8 349
10 9 212
10 11 23
10 12 229
10 13 100
10 14 144
10 15 147
10 16 369
10 17 341
10 18 223
10 19 112
10 20 211
10 21 6
10 22 202
10 23 62
11 0 131
11 1 79
11 2 106
11 3 121
11 4 337
11 5 245
11 6 227
11 7 123
11 8 266
11 9 309
11 10 217
11 12 283
11 13 59
11 14 125
11 15 38
11 16 63
11 17 25
11 18 201
11 19 37
11 20 253
11 21 300
11 22 180
11 23 351
12 0 269
12 1 72
12 2 174
12 3 332
12 4 282
12 5 131
12 6 134
12 7 295
12 8 261
12 9 164
12 10 400
12 11 382
12 13 100
12 14 197
12 15 160
12 16 174
12 17 14
12 18 69
12 19 391
12 20 296
12 21 127
12 22 67
12 23 285
13 0 141
13 1 91
13 2 85
13 3 177
13 4 343
13 5 337
13 6 308
13 7 246
13 8 157
13 9 380
13 10 19
13 11 88
13 12 213
13 14 149
13 15 173
13 16 60
13 17 10
13 18 337
13 19 11
13 20 343
13 21 388
13 22 207
13 23 102
14 0 114
14 1 173
14 2 122
14 3 56
14 4 20
14 5 200
14 6 122
14 7 305
14 8 340
14 9 212
14 10 341
14 11 68
14 12 106
14 13 229
14 15 328
14 16 351
14 17 385
14 18 259
14 19 321
14 20 25
14 21 23
14 22 70
14 23 197
15 0 82
15 1 31
15 2 85
15 3 93
15 4 373
15 5 73
15 6 251
15 7 26
15 8 186
15 9 23
15 10 100
15 11 241
15 12 43
15 13 299
15 14 314
15 16 299
15 17 191
15 18 125
15 19 191
15 20 210
15 21 182
15 22 20
15 23 137
16 0 133
16 1 356
16 2 395
16 3 5
16 4 380
16 5 370
16 6 74
16 7 177
16 8 51
16 9 56
16 10 261
16 11 143
16 12 380
16 13 285
16 14 394
16 15 6
16 17 22
16 18 368
16 19 105
16 20 214
16 21 362
16 22 355
16 23 127
17 0 260
17 1 145
17 2 203
17 3 3
17 4 307
17 5 385
17 6 22
17 7 43
17 8 69
17 9 329
17 10 390
17 11 73
17 12 309
17 13 359
17 14 99
17 15 37
17 16 9
17 18 154
17 19 249
17 20 104
17 21 134
17 22 134
17 23 49
18 0 91
18 1 155
18 2 368
18 3 147
18 4 369
18 5 330
18 6 101
18 7 47
18 8 189
18 9 198
18 10 250
18 11 191
18 12 104
18 13 234
18 14 164
18 15 98
18 16 254
18 17 93
18 19 87
18 20 326
18 21 353
18 22 397
18 23 376
19 0 389
19 1 358
19 2 130
19 3 237
19 4 61
19 5 215
19 6 322
19 7 61
19 8 305
19 9 29
19 10 28
19 11 51
19 12 349
19 13 357
19 14 103
19 15 395
19 16 98
19 17 300
19 18 244
19 20 240
19 21 3
19 22 29
19 23 4
20 0 101
20 1 282
20 2 48
20 3 139
20 4 160
20 5 352
20 6 136
20 7 135
20 8 340
20 9 93
20 10 216
20 11 128
20 12 105
20 13 30
20 14 50
20 15 165
20 16 286
20 17 30
20 18 144
20 19 336
20 21 378
20 22 101
20 23 39
21 0 372
21 1 150
21 2 290
21 3 168
21 4 389
21 5 293
21 6 196
21 7 344
21 8 345
21 9 30
21 10 391
21 11 83
21 12 141
21 13 342
21 14 170
21 15 227
21 16 233
21 17 262
21 18 43
21 19 361
21 20 318
21 22 24
21 23 362
22 0 82
22 1 310
22 2 391
22 3 226
22 4 197
22 5 368
22 6 278
22 7 235
22 8 291
22 9 27
22 10 125
22 11 58
22 12 15
22 13 369
22 14 206
22 15 359
22 16 313
22 17 187
22 18 301
22 19 347
22 20 327
22 21 195
22 23 117
23 0 153
23 1 379
23 2 330
23 3 147
23 4 291
23 5 248
23 6 171
23 7 252
23 8 281
23 9 32
23 10 194
23 11 58
23 12 228
23 13 113
23 14 287
23 15 15
23 16 356
23 17 313
23 18 91
23 19 13
23 20 280
23 21 11
23 22 170
