-1
-1
-1
-1
-1
-1
-1
-1
-1
-1
-1
-1
-1
-1
-1
-1
-1
-1
-1
-1
-1
-1
-1
-1
1 0 5 8 6 3 2 
1 0 5 8 6 2 4 3 
1 0 5 8 9 7 4 
1 2 6 5 
1 0 5 8 6 
1 0 5 8 9 7 
1 0 5 10 8 
1 0 5 10 11 12 9 
1 2 6 8 11 10 
1 2 4 7 9 12 11 
1 0 5 6 8 9 13 12 
1 0 5 10 11 12 16 17 13 
1 2 4 7 9 12 16 21 20 19 14 
1 2 4 7 9 12 16 15 
1 2 4 7 9 13 17 16 
1 0 5 10 11 15 21 22 23 17 
-1
1 2 6 8 10 18 19 
1 2 6 8 10 18 19 20 
1 0 5 10 14 15 20 21 
1 0 5 6 8 9 13 17 23 22 
-1
-1
2 3 6 8 5 0 1 
2 6 3 
2 6 7 4 
2 3 6 8 5 
2 1 5 6 
2 3 6 8 9 7 
2 4 7 9 8 
2 1 5 8 11 12 9 
2 3 6 5 8 11 10 
2 1 5 10 11 
2 1 5 8 9 13 12 
2 1 5 8 9 12 16 17 13 
2 4 7 9 12 16 21 20 19 14 
2 4 7 9 12 16 15 
2 1 5 8 9 13 17 16 
2 1 5 10 11 15 21 22 23 17 
-1
2 3 6 5 8 10 18 19 
2 1 5 10 14 19 20 
2 1 5 10 14 15 20 21 
2 1 5 8 9 13 17 23 22 
-1
-1
3 4 2 6 8 5 0 1 
3 6 2 
3 6 7 4 
3 4 2 6 8 5 
3 4 7 6 
3 2 6 8 9 7 
3 4 7 9 8 
3 2 6 5 8 11 12 9 
3 4 7 9 12 11 10 
3 2 6 5 10 11 
3 2 6 5 8 9 13 12 
3 2 6 5 8 11 12 16 17 13 
3 4 7 9 12 16 21 20 19 14 
3 2 6 5 10 14 15 
3 2 6 5 10 11 15 16 
3 2 6 5 8 11 15 21 22 23 17 
-1
3 4 7 9 8 10 18 19 
3 2 6 5 10 14 19 20 
3 2 6 5 10 14 15 20 21 
3 2 6 5 8 9 13 17 23 22 
-1
-1
4 7 9 8 5 0 1 
4 7 6 2 
4 7 6 3 
4 7 9 8 5 
4 7 6 
4 2 6 8 9 7 
4 2 6 5 8 
4 2 6 5 8 11 12 9 
4 7 9 12 11 10 
4 2 6 5 10 11 
4 2 6 5 8 9 13 12 
4 2 6 5 8 9 12 16 17 13 
4 2 6 5 10 18 19 14 
4 2 6 5 10 14 15 
4 2 6 5 8 9 13 17 16 
4 2 6 5 10 11 15 21 22 23 17 
-1
4 2 6 5 10 18 19 
4 2 6 5 10 14 19 20 
4 2 6 5 10 14 15 20 21 
4 2 6 5 8 9 13 17 23 22 
-1
-1
5 6 2 1 
5 8 6 3 2 
5 8 6 2 4 3 
5 8 9 7 4 
5 1 2 6 
5 1 2 4 7 
5 10 8 
5 10 11 12 9 
5 6 8 11 10 
5 6 8 9 12 11 
5 10 11 15 16 12 
5 6 8 11 15 16 17 13 
5 6 8 9 12 16 21 20 19 14 
5 6 8 9 12 16 15 
5 6 8 9 13 17 16 
5 6 8 11 15 21 22 23 17 
-1
5 6 8 10 18 19 
5 6 8 10 18 19 20 
5 6 8 9 12 16 21 
5 6 8 9 13 17 23 22 
-1
-1
6 8 5 0 1 
6 5 1 2 
6 7 4 3 
6 7 4 
6 2 1 5 
6 8 9 7 
6 7 9 8 
6 5 8 11 12 9 
6 7 9 12 11 10 
6 7 9 12 11 
6 5 8 9 13 12 
6 5 8 11 12 16 17 13 
6 7 9 12 16 21 20 19 14 
6 7 9 12 16 15 
6 5 10 11 15 16 
6 5 8 11 15 21 22 23 17 
-1
6 7 9 8 10 18 19 
6 5 10 14 19 20 
6 5 10 14 15 20 21 
6 5 8 9 13 17 23 22 
-1
-1
7 9 8 5 0 1 
7 9 8 6 3 2 
7 9 8 6 2 3 
7 9 8 6 2 4 
7 4 2 1 5 
7 9 8 6 
7 4 3 6 5 8 
7 4 3 6 5 8 11 12 9 
7 4 3 6 8 11 10 
7 4 3 6 5 10 11 
7 4 3 6 5 8 9 13 12 
7 4 3 6 5 8 9 12 16 17 13 
7 4 3 6 5 10 18 19 14 
7 4 3 6 5 8 9 13 12 16 15 
7 4 3 6 5 8 9 13 17 16 
7 4 3 6 5 10 11 15 21 22 23 17 
-1
7 4 3 6 5 10 18 19 
7 4 3 6 5 10 14 19 20 
7 4 3 6 5 10 14 15 20 21 
7 4 3 6 5 8 9 13 17 23 22 
-1
-1
8 10 5 0 1 
8 9 7 4 2 
8 9 7 4 3 
8 5 6 2 4 
8 10 5 
8 9 7 6 
8 5 6 3 4 7 
8 6 7 9 
8 5 10 
8 9 12 11 
8 6 7 9 13 12 
8 10 11 15 16 17 13 
8 9 12 16 21 20 19 14 
8 9 12 16 15 
8 10 11 15 16 
8 10 11 15 21 22 23 17 
-1
8 5 10 18 19 
8 10 14 19 20 
8 10 14 15 20 21 
8 10 11 12 13 17 23 22 
-1
-1
9 12 11 10 5 0 1 
9 12 11 8 5 1 2 
9 12 11 8 5 6 2 3 
9 12 11 8 5 6 2 4 
9 12 11 10 5 
9 12 11 8 5 6 
9 12 11 8 5 6 3 4 7 
9 7 6 8 
9 7 6 5 10 
9 13 12 16 15 11 
9 8 11 12 
9 8 11 12 16 17 13 
9 13 12 16 21 20 19 14 
9 8 10 14 15 
9 8 11 15 16 
9 8 11 15 21 22 23 17 
-1
9 13 12 11 10 18 19 
9 13 17 16 15 14 19 20 
9 13 17 16 22 21 
9 8 11 15 21 22 
-1
-1
10 11 8 6 2 1 
10 11 8 5 6 3 2 
10 11 12 9 7 4 3 
10 11 12 9 7 4 
10 11 8 6 5 
10 11 12 9 7 6 
10 11 8 6 3 4 7 
10 5 8 
10 5 6 7 9 
10 14 15 11 
10 14 15 16 12 
10 14 15 16 17 13 
10 18 19 14 
10 8 11 12 16 15 
10 8 11 15 21 16 
10 8 11 15 21 22 23 17 
-1
10 18 19 
10 18 19 20 
10 8 11 12 16 21 
10 8 9 13 17 23 22 
-1
-1
11 12 9 7 4 2 1 
11 10 5 1 2 
11 10 5 6 2 3 
11 10 5 6 2 4 
11 12 9 8 6 5 
11 12 9 7 6 
11 10 5 6 3 4 7 
11 12 9 8 
11 15 16 12 13 9 
11 15 14 10 
11 15 16 12 
11 15 16 17 13 
11 12 16 21 20 19 14 
11 12 16 15 
11 10 14 15 21 16 
11 10 14 15 21 22 23 17 
-1
11 8 10 18 19 
11 10 14 19 20 
11 10 14 15 20 21 
11 8 9 13 17 23 22 
-1
-1
12 13 9 8 6 5 0 1 
12 13 9 8 5 1 2 
12 13 9 8 5 6 2 3 
12 13 9 8 5 6 2 4 
12 16 15 14 10 5 
12 13 9 8 5 6 
12 13 9 8 5 6 3 4 7 
12 13 9 7 6 8 
12 11 8 9 
12 16 15 14 10 
12 16 15 11 
12 16 17 13 
12 9 8 10 14 
12 13 17 16 21 15 
12 11 15 16 
12 11 15 21 22 23 17 
-1
12 9 8 10 18 19 
12 13 17 16 15 14 19 20 
12 13 17 16 22 21 
12 13 17 23 22 
-1
-1
13 17 16 15 14 10 5 0 1 
13 17 16 12 9 8 5 1 2 
13 17 16 15 11 8 5 6 2 3 
13 17 16 12 9 8 5 6 2 4 
13 17 16 15 11 8 6 5 
13 17 16 15 11 8 5 6 
13 17 16 12 9 8 5 6 3 4 7 
13 17 16 15 14 10 8 
13 17 16 15 11 8 9 
13 17 16 15 14 10 
13 17 16 15 11 
13 17 16 12 
13 17 16 21 20 19 14 
13 9 12 16 21 15 
13 9 12 11 15 16 
13 9 12 11 15 21 22 23 17 
-1
13 9 8 10 18 19 
13 9 12 11 15 14 19 20 
13 9 12 11 15 21 
13 9 12 11 15 21 22 
-1
-1
14 19 20 21 16 12 9 7 4 2 1 
14 19 20 21 16 12 9 7 4 2 
14 19 20 21 16 12 9 7 4 3 
14 19 18 10 5 6 2 4 
14 19 20 21 16 12 9 8 6 5 
14 19 20 21 16 12 9 7 6 
14 19 18 10 5 6 3 4 7 
14 19 20 21 16 12 9 8 
14 19 20 21 16 12 13 9 
14 19 18 10 
14 19 20 21 16 12 11 
14 10 8 9 12 
14 19 20 21 16 17 13 
14 10 11 15 
14 10 11 12 16 
14 10 11 12 13 17 
-1
14 10 18 19 
14 10 11 15 21 20 
14 10 11 12 16 21 
14 10 11 12 13 17 23 22 
-1
-1
15 16 12 9 7 4 2 1 
15 16 12 9 7 4 2 
15 14 10 5 6 2 3 
15 14 10 5 6 2 4 
15 16 12 9 8 6 5 
15 16 12 9 7 6 
15 16 12 13 9 8 5 6 3 4 7 
15 16 12 9 8 
15 14 10 8 9 
15 16 12 11 8 10 
15 16 12 11 
15 21 16 17 13 12 
15 21 16 12 9 13 
15 11 10 14 
15 20 21 22 16 
15 11 12 13 17 
-1
15 11 10 18 19 
15 14 19 20 
15 16 21 
15 20 21 16 17 23 22 
-1
-1
16 21 15 14 10 5 0 1 
16 17 13 9 8 5 1 2 
16 17 13 9 8 5 6 2 3 
16 17 13 9 8 5 6 2 4 
16 17 13 9 8 6 5 
16 17 13 9 8 5 6 
16 17 13 9 8 5 6 3 4 7 
16 21 15 14 10 8 
16 15 11 8 9 
16 21 15 11 8 10 
16 21 15 14 10 11 
16 15 11 12 
16 15 11 12 9 13 
16 12 11 10 14 
16 22 21 20 15 
16 12 13 17 
-1
16 12 11 10 18 19 
16 22 21 15 14 19 20 
16 15 21 
16 17 23 22 
-1
-1
17 23 22 21 15 14 10 5 0 1 
17 23 22 21 15 14 10 5 1 2 
17 23 22 21 15 11 8 5 6 2 3 
17 23 22 21 15 14 10 5 6 2 4 
17 23 22 21 15 11 8 6 5 
17 23 22 21 15 11 8 5 6 
17 23 22 21 15 14 10 5 6 3 4 7 
17 23 22 21 15 14 10 8 
17 23 22 21 15 11 8 9 
17 23 22 21 15 11 8 10 
17 23 22 21 15 14 10 11 
17 23 22 21 15 11 12 
17 23 22 21 15 11 12 9 13 
17 13 12 11 10 14 
17 13 12 11 15 
17 13 12 16 
-1
17 13 12 11 10 18 19 
17 13 12 11 15 14 19 20 
17 13 12 11 15 21 
17 13 12 16 21 22 
-1
-1
-1
-1
-1
-1
-1
-1
-1
-1
-1
-1
-1
-1
-1
-1
-1
-1
-1
-1
-1
-1
-1
-1
-1
19 18 10 8 6 2 1 
19 18 10 8 5 6 3 2 
19 18 10 8 9 7 4 3 
19 18 10 5 6 2 4 
19 18 10 8 6 5 
19 18 10 8 9 7 6 
19 18 10 5 6 3 4 7 
19 18 10 5 8 
19 18 10 11 12 13 9 
19 18 10 
19 18 10 8 11 
19 18 10 8 9 12 
19 18 10 8 9 13 
19 18 10 14 
19 18 10 11 15 
19 18 10 11 12 16 
19 18 10 11 12 13 17 
-1
19 18 10 11 15 21 20 
19 18 10 11 12 16 21 
19 18 10 11 12 13 17 23 22 
-1
-1
20 19 18 10 8 6 2 1 
20 19 14 10 5 1 2 
20 19 14 10 5 6 2 3 
20 19 14 10 5 6 2 4 
20 19 18 10 8 6 5 
20 19 14 10 5 6 
20 19 14 10 5 6 3 4 7 
20 19 14 10 8 
20 19 14 15 16 17 13 9 
20 19 18 10 
20 19 14 10 11 
20 19 14 15 16 17 13 12 
20 19 14 15 11 12 9 13 
20 21 15 11 10 14 
20 19 14 15 
20 19 14 15 21 22 16 
20 19 14 15 11 12 13 17 
-1
20 21 15 11 10 18 19 
20 19 14 15 16 21 
20 19 14 15 21 16 17 23 22 
-1
-1
21 20 15 14 10 5 0 1 
21 20 15 14 10 5 1 2 
21 20 15 14 10 5 6 2 3 
21 20 15 14 10 5 6 2 4 
21 16 12 9 8 6 5 
21 20 15 14 10 5 6 
21 20 15 14 10 5 6 3 4 7 
21 20 15 14 10 8 
21 22 23 17 13 9 
21 16 12 11 8 10 
21 20 15 14 10 11 
21 22 23 17 13 12 
21 15 11 12 9 13 
21 16 15 11 10 14 
21 16 15 
21 15 16 
21 15 11 12 13 17 
-1
21 16 15 11 10 18 19 
21 16 15 14 19 20 
21 15 16 17 23 22 
-1
-1
22 23 17 13 9 8 6 5 0 1 
22 23 17 13 9 8 5 1 2 
22 23 17 13 9 8 5 6 2 3 
22 23 17 13 9 8 5 6 2 4 
22 23 17 13 9 8 6 5 
22 23 17 13 9 8 5 6 
22 23 17 13 9 8 5 6 3 4 7 
22 23 17 13 12 11 10 8 
22 21 15 11 8 9 
22 23 17 13 9 8 10 
22 23 17 13 9 8 11 
22 23 17 13 12 
22 21 15 11 12 9 13 
22 23 17 13 12 11 10 14 
22 23 17 16 21 20 15 
22 23 17 16 
22 21 16 12 13 17 
-1
22 23 17 13 12 11 10 18 19 
22 23 17 16 21 15 14 19 20 
22 23 17 16 15 21 
-1
-1
-1
-1
-1
-1
-1
-1
-1
-1
-1
-1
-1
-1
-1
-1
-1
-1
-1
-1
-1
-1
-1
-1
