0 5 1 
0 5 6 2 
0 5 6 3 
0 5 6 3 4 
0 1 5 
0 1 2 6 
0 1 2 4 7 
0 1 5 6 8 
0 1 2 4 7 9 
0 1 5 8 10 
0 1 5 10 11 
0 1 5 6 8 9 12 
0 1 5 10 11 12 13 
0 1 5 8 11 15 14 
0 1 5 10 14 15 
0 1 5 10 11 15 16 
0 1 5 10 11 12 16 17 
0 1 5 8 11 15 20 19 18 
0 1 5 8 11 15 20 19 
0 1 5 10 14 15 21 20 
0 1 5 10 14 15 20 21 
0 1 5 10 11 12 16 22 
0 1 5 10 11 15 21 22 23 
1 5 0 
1 5 6 2 
1 5 6 3 
1 5 6 3 4 
1 0 5 
1 2 6 
1 5 6 7 
1 2 6 8 
1 2 4 7 9 
1 0 5 8 10 
1 0 5 10 11 
1 2 4 7 9 12 
1 2 4 7 9 12 13 
1 0 5 8 11 15 14 
1 0 5 10 14 15 
1 0 5 10 11 15 16 
1 2 4 7 9 12 16 17 
1 0 5 8 11 15 20 19 18 
1 0 5 8 11 15 20 19 
1 0 5 10 14 15 21 20 
1 2 4 7 9 12 16 21 
1 2 4 7 9 12 16 22 
1 2 6 8 11 15 21 22 23 
2 6 5 0 
2 6 5 1 
2 4 3 
2 3 4 
2 1 5 
2 3 6 
2 6 7 
2 1 5 8 
2 6 8 9 
2 1 5 10 
2 4 7 9 12 11 
2 6 8 11 12 
2 6 8 11 12 13 
2 1 5 10 14 
2 1 5 10 14 15 
2 6 8 11 15 16 
2 6 8 11 12 16 17 
2 1 5 10 14 19 18 
2 1 5 10 14 19 
2 4 7 9 12 16 21 20 
2 4 7 9 12 16 21 
2 4 7 9 12 16 22 
2 6 8 11 15 21 22 23 
3 6 5 0 
3 6 5 1 
3 4 2 
3 2 4 
3 2 1 5 
3 2 6 
3 6 7 
3 2 6 5 8 
3 4 7 9 
3 2 6 5 10 
3 4 7 9 12 11 
3 4 7 9 12 
3 4 7 9 12 13 
3 2 6 5 10 14 
3 4 7 9 12 16 15 
3 4 7 9 13 17 16 
3 4 7 9 12 16 17 
3 2 6 5 10 14 19 18 
3 2 6 5 10 14 19 
3 4 7 9 12 16 21 20 
3 4 7 9 12 16 21 
3 4 7 9 12 16 22 
3 4 7 9 12 16 22 23 
4 3 6 5 0 
4 3 6 5 1 
4 3 2 
4 2 3 
4 2 1 5 
4 2 6 
4 3 6 7 
4 7 9 8 
4 3 6 8 9 
4 2 6 5 10 
4 7 9 12 11 
4 3 6 8 11 12 
4 3 6 8 11 12 13 
4 7 9 8 10 14 
4 7 9 12 16 15 
4 3 6 8 11 15 16 
4 3 6 8 11 12 16 17 
4 7 9 12 16 21 20 19 18 
4 3 6 8 11 15 14 19 
4 3 6 8 11 15 20 
4 3 6 8 11 15 21 
4 3 6 8 11 15 21 22 
4 3 6 8 11 15 21 22 23 
5 1 0 
5 0 1 
5 1 2 
5 1 2 3 
5 1 2 4 
5 8 6 
5 8 9 7 
5 6 8 
5 6 7 9 
5 8 10 
5 10 11 
5 6 8 9 12 
5 10 11 12 13 
5 8 11 15 14 
5 10 14 15 
5 10 11 15 16 
5 10 11 12 16 17 
5 8 11 15 20 19 18 
5 8 11 15 20 19 
5 10 14 15 21 20 
5 10 14 15 20 21 
5 10 11 12 16 22 
5 10 11 15 21 22 23 
6 2 1 0 
6 2 1 
6 3 2 
6 2 3 
6 2 4 
6 8 5 
6 3 4 7 
6 5 8 
6 7 9 
6 5 10 
6 5 10 11 
6 7 9 12 
6 7 9 12 13 
6 5 10 14 
6 5 10 14 15 
6 7 9 13 17 16 
6 7 9 12 16 17 
6 5 10 14 19 18 
6 5 10 14 19 
6 7 9 12 16 21 20 
6 7 9 12 16 21 
6 7 9 12 16 22 
6 7 9 12 16 22 23 
7 4 2 1 0 
7 6 5 1 
7 6 2 
7 4 3 
7 6 3 4 
7 9 8 5 
7 4 3 6 
7 6 8 
7 6 8 9 
7 6 5 10 
7 6 8 11 
7 6 8 11 12 
7 6 8 11 12 13 
7 6 8 10 14 
7 6 8 10 14 15 
7 6 8 11 15 16 
7 6 8 11 12 16 17 
7 6 8 11 15 20 19 18 
7 6 8 11 15 14 19 
7 6 8 11 15 20 
7 6 8 11 15 21 
7 6 8 11 15 21 22 
7 6 8 11 15 21 22 23 
8 6 5 1 0 
8 6 2 1 
8 5 1 2 
8 5 6 2 3 
8 9 7 4 
8 6 5 
8 5 6 
8 6 7 
8 11 12 9 
8 11 10 
8 10 11 
8 9 12 
8 11 12 13 
8 10 14 
8 10 14 15 
8 9 13 17 16 
8 11 12 16 17 
8 11 15 20 19 18 
8 10 14 19 
8 9 12 16 21 20 
8 9 12 16 21 
8 9 12 16 22 
8 11 15 21 22 23 
9 7 4 2 1 0 
9 7 4 2 1 
9 8 6 2 
9 7 4 3 
9 8 6 3 4 
9 7 6 5 
9 7 6 
9 8 6 7 
9 12 11 8 
9 12 11 10 
9 8 11 
9 13 12 
9 12 13 
9 8 10 14 
9 13 12 16 15 
9 13 17 16 
9 12 16 17 
9 12 16 21 20 19 18 
9 8 11 15 14 19 
9 8 11 15 20 
9 8 11 15 21 
9 13 17 23 22 
9 12 16 22 23 
10 8 5 1 0 
10 8 5 0 1 
10 5 1 2 
10 5 6 2 3 
10 5 6 2 4 
10 8 5 
10 5 6 
10 5 6 7 
10 11 8 
10 11 12 9 
10 8 11 
10 8 9 12 
10 8 9 13 
10 11 15 14 
10 14 15 
10 14 15 16 
10 14 15 16 17 
10 14 19 18 
10 11 15 20 19 
10 14 15 21 20 
10 14 15 20 21 
10 14 15 16 22 
10 14 15 16 17 23 
11 10 5 1 0 
11 10 5 0 1 
11 12 9 7 4 2 
11 12 9 7 4 3 
11 12 9 7 4 
11 10 5 
11 10 5 6 
11 8 6 7 
11 10 8 
11 8 9 
11 8 10 
11 8 9 12 
11 8 9 13 
11 10 14 
11 10 14 15 
11 15 16 
11 15 16 17 
11 15 20 19 18 
11 10 14 19 
11 12 16 21 20 
11 12 16 21 
11 12 16 22 
11 12 13 17 23 
12 9 8 6 5 1 0 
12 9 7 4 2 1 
12 11 8 6 2 
12 9 7 4 3 
12 11 8 6 3 4 
12 9 8 6 5 
12 9 7 6 
12 11 8 6 7 
12 9 8 
12 13 9 
12 9 8 10 
12 9 8 11 
12 9 13 
12 16 21 20 19 14 
12 16 15 
12 13 17 16 
12 16 17 
12 11 10 18 
12 11 15 14 19 
12 11 15 20 
12 11 15 21 
12 11 15 21 22 
12 16 22 23 
13 12 11 10 5 1 0 
13 12 9 7 4 2 1 
13 12 11 8 6 2 
13 12 9 7 4 3 
13 12 11 8 6 3 4 
13 12 11 10 5 
13 12 9 7 6 
13 12 11 8 6 7 
13 12 11 8 
13 12 9 
13 9 8 10 
13 9 8 11 
13 9 12 
13 9 8 10 14 
13 17 16 15 
13 17 16 
13 12 16 17 
13 9 8 10 18 
13 17 16 15 14 19 
13 17 16 15 20 
13 17 16 22 21 
13 17 23 22 
13 12 16 22 23 
14 15 11 8 5 1 0 
14 15 11 8 5 0 1 
14 10 5 1 2 
14 10 5 6 2 3 
14 10 8 9 7 4 
14 15 11 8 5 
14 10 5 6 
14 10 8 6 7 
14 10 8 
14 10 8 9 
14 15 11 10 
14 10 11 
14 19 20 21 16 12 
14 10 8 9 13 
14 19 20 15 
14 19 20 21 16 
14 19 20 21 22 23 17 
14 10 18 
14 15 20 19 
14 19 20 
14 19 20 21 
14 19 20 21 16 22 
14 19 20 21 16 17 23 
15 14 10 5 1 0 
15 14 10 5 0 1 
15 14 10 5 1 2 
15 16 12 9 7 4 3 
15 16 12 9 7 4 
15 14 10 5 
15 14 10 5 6 
15 14 10 8 6 7 
15 14 10 8 
15 16 12 13 9 
15 11 10 
15 14 10 11 
15 16 12 
15 16 17 13 
15 20 19 14 
15 21 16 
15 21 22 23 17 
15 14 10 18 
15 14 19 
15 21 20 
15 20 21 
15 16 22 
15 16 17 23 
16 12 11 10 5 1 0 
16 12 9 7 4 2 1 
16 15 11 8 6 2 
16 12 9 7 4 3 
16 15 11 8 6 3 4 
16 12 11 10 5 
16 12 9 7 6 
16 15 11 8 6 7 
16 12 9 8 
16 17 13 9 
16 12 11 10 
16 12 11 
16 17 13 12 
16 17 13 
16 21 20 19 14 
16 21 15 
16 22 23 17 
16 15 14 10 18 
16 15 14 19 
16 15 20 
16 22 21 
16 21 22 
16 22 23 
17 16 15 14 10 5 1 0 
17 16 12 9 7 4 2 1 
17 16 15 11 8 6 2 
17 16 12 9 7 4 3 
17 16 15 11 8 6 3 4 
17 16 15 14 10 5 
17 16 12 9 7 6 
17 16 15 11 8 6 7 
17 16 15 11 8 
17 16 12 9 
17 16 15 14 10 
17 16 15 11 
17 16 12 
17 16 12 13 
17 23 22 21 20 19 14 
17 23 22 21 15 
17 23 22 16 
17 13 12 11 10 18 
17 23 22 21 15 14 19 
17 23 22 21 15 20 
17 23 22 21 
17 23 22 
17 16 22 23 
18 19 20 15 11 8 5 1 0 
18 19 20 15 11 8 5 0 1 
18 19 14 10 5 1 2 
18 19 14 10 5 6 2 3 
18 19 20 21 16 12 9 7 4 
18 19 20 15 11 8 5 
18 19 14 10 5 6 
18 19 20 15 11 8 6 7 
18 19 20 15 11 8 
18 19 20 21 16 12 9 
18 19 14 10 
18 19 20 15 11 
18 10 11 12 
18 10 8 9 13 
18 10 14 
18 10 11 15 
18 10 11 12 16 
18 10 11 12 13 17 
18 10 14 19 
18 10 11 15 20 
18 10 11 15 21 
18 10 11 12 16 22 
18 10 11 12 13 17 23 
19 20 15 11 8 5 1 0 
19 20 15 11 8 5 0 1 
19 14 10 5 1 2 
19 14 10 5 6 2 3 
19 14 15 11 8 6 3 4 
19 20 15 11 8 5 
19 14 10 5 6 
19 14 15 11 8 6 7 
19 14 10 8 
19 14 15 11 8 9 
19 20 15 11 10 
19 14 10 11 
19 14 15 11 12 
19 14 15 16 17 13 
19 20 15 14 
19 14 15 
19 14 15 16 
19 14 15 21 22 23 17 
19 14 10 18 
19 14 15 20 
19 14 15 21 
19 14 15 16 22 
19 14 15 16 17 23 
20 21 15 14 10 5 1 0 
20 21 15 14 10 5 0 1 
20 21 16 12 9 7 4 2 
20 21 16 12 9 7 4 3 
20 15 11 8 6 3 4 
20 21 15 14 10 5 
20 21 16 12 9 7 6 
20 15 11 8 6 7 
20 21 16 12 9 8 
20 15 11 8 9 
20 21 15 11 10 
20 21 16 12 11 
20 15 11 12 
20 15 16 17 13 
20 19 14 
20 21 15 
20 15 16 
20 15 21 22 23 17 
20 15 14 10 18 
20 15 14 19 
20 15 21 
20 15 16 22 
20 15 16 17 23 
21 20 15 14 10 5 1 0 
21 16 12 9 7 4 2 1 
21 16 12 9 7 4 2 
21 16 12 9 7 4 3 
21 15 11 8 6 3 4 
21 20 15 14 10 5 
21 16 12 9 7 6 
21 15 11 8 6 7 
21 16 12 9 8 
21 15 11 8 9 
21 20 15 11 10 
21 16 12 11 
21 15 11 12 
21 22 23 17 13 
21 20 19 14 
21 20 15 
21 22 16 
21 22 23 17 
21 15 14 10 18 
21 15 14 19 
21 15 20 
21 16 22 
21 16 17 23 
22 16 15 14 10 5 1 0 
22 16 12 9 7 4 2 1 
22 16 12 9 7 4 2 
22 16 12 9 7 4 3 
22 21 15 11 8 6 3 4 
22 16 15 14 10 5 
22 16 12 9 7 6 
22 21 15 11 8 6 7 
22 16 12 9 8 
22 23 17 13 9 
22 16 15 11 10 
22 16 12 11 
22 21 15 11 12 
22 23 17 13 
22 16 21 20 19 14 
22 16 15 
22 21 16 
22 16 17 
22 16 15 14 10 18 
22 16 15 14 19 
22 16 15 20 
22 16 21 
22 16 17 23 
23 22 21 15 14 10 5 1 0 
23 22 21 15 11 8 6 2 1 
23 22 21 15 11 8 6 2 
23 22 16 12 9 7 4 3 
23 22 21 15 11 8 6 3 4 
23 22 21 15 14 10 5 
23 22 16 12 9 7 6 
23 22 21 15 11 8 6 7 
23 22 21 15 11 8 
23 22 16 12 9 
23 17 13 12 11 10 
23 17 13 12 11 
23 22 16 12 
23 22 16 12 13 
23 17 16 21 20 19 14 
23 17 16 15 
23 22 16 
23 22 16 17 
23 17 13 12 11 10 18 
23 17 16 15 14 19 
23 17 16 15 20 
23 17 16 21 
23 17 16 22 
