Set 0
0 1 
0 5 
1 2 
1 5 
2 3 
2 4 
2 6 5 
3 4 
3 6 
4 7 
5 8 
5 10 
6 7 
6 8 
7 9 8 
8 10 
8 11 
9 12 11 
9 13 
10 11 
10 14 
10 18 
11 15 14 
12 13 
12 16 
13 17 
14 19 18 
15 16 
15 20 19 
15 21 
16 17 
16 21 20 
16 22 
17 23 
21 22 
22 23 
Set 1
0 1 2 
0 5 6 
1 5 8 
2 6 
2 4 7 
3 2 
3 6 8 
4 3 
5 10 14 
7 6 
7 9 
8 9 
8 11 12 
8 10 18 
9 12 
9 13 17 
10 11 15 
12 16 21 20 19 18 
13 12 
14 15 
14 19 
15 16 17 
15 20 
15 21 22 
22 16 
22 23 17 
Set 2
0 1 2 3 
0 5 6 7 
1 5 8 9 
2 6 8 
2 4 7 9 
4 3 6 
5 10 18 
8 11 15 14 
9 12 16 
9 13 17 23 
10 8 
10 11 12 
10 14 19 
15 20 19 18 
15 21 22 23 
16 15 
16 21 
17 16 
20 21 
Set 3
0 1 2 4 
0 5 8 
1 5 6 
2 6 8 10 
3 4 7 
5 10 14 19 
6 3 
7 9 12 11 
8 9 13 
8 11 15 
11 10 
12 13 17 
12 16 21 20 19 
14 15 16 
16 17 23 
18 10 
18 19 
20 15 
21 15 
21 22 23 
Set 4
0 5 8 9 
1 0 
1 2 3 
1 5 10 
2 6 8 11 
2 4 7 9 12 
3 6 5 
10 11 12 13 
11 15 
12 16 21 20 
13 9 
13 17 23 
14 10 
14 15 16 17 
18 10 8 
18 19 14 
19 20 15 
22 21 15 
23 22 
Set 5
0 5 10 
1 2 4 
1 5 8 11 
2 6 8 10 18 
4 3 6 5 
4 7 9 
8 9 13 17 
9 12 11 15 14 
12 16 21 
17 16 15 
18 19 20 15 
19 14 10 
20 21 22 
23 17 
Set 6
0 5 8 11 
1 2 4 7 
1 5 10 14 
3 6 8 9 
5 6 2 
7 9 12 
10 11 12 16 
11 15 20 19 
12 13 17 23 
14 15 21 
17 16 21 20 
19 14 
19 18 
22 21 
Set 7
0 5 8 11 12 
1 5 10 18 
2 1 0 
2 4 7 9 13 
3 6 8 10 
5 6 
6 2 
9 8 
9 12 16 21 20 19 
10 11 15 20 
14 15 21 22 
17 13 12 
17 16 22 
Set 8
0 5 8 9 13 
1 5 10 14 19 
2 1 
2 6 8 11 15 14 
2 4 7 9 12 16 
5 6 3 
10 11 12 13 17 
16 21 20 19 18 
23 22 21 15 
23 17 16 
Set 9
0 5 10 14 
1 5 8 11 12 
2 4 7 9 13 17 
3 2 1 0 
3 6 8 10 18 
5 6 7 
9 12 16 21 20 
10 11 15 21 
14 15 20 
18 19 20 
23 22 21 
Set 10
0 5 8 11 15 
2 4 7 9 13 17 23 
3 2 1 
4 3 6 8 
5 1 
6 5 
9 8 10 
9 12 16 21 
10 5 
11 12 
11 10 18 
14 15 21 22 23 
18 19 20 21 
Set 11
0 5 8 11 12 16 
3 6 8 9 13 
4 2 1 0 
4 7 9 12 
6 5 1 
10 11 15 21 22 
14 10 5 
15 14 
16 21 20 19 
17 13 
Set 12
0 5 8 9 13 17 
2 6 8 11 15 
4 2 1 
4 7 9 12 16 
5 6 3 4 
10 5 1 
11 12 13 
15 14 10 
17 16 21 20 19 18 
18 10 11 
Set 13
0 5 10 18 
1 5 8 9 13 
2 6 8 11 15 20 19 
4 2 
4 7 9 12 16 21 20 
6 3 4 
7 6 5 
11 12 13 17 
16 15 14 10 
Set 14
0 5 10 14 19 
1 5 8 11 15 
3 6 8 9 13 17 
4 7 9 12 16 21 20 19 
12 11 10 
16 15 14 
Set 15
0 5 8 11 15 20 
3 6 8 9 13 17 23 
4 7 9 12 16 21 
12 11 
14 10 5 1 
17 16 15 14 
18 19 20 21 22 
Set 16
0 5 8 11 15 21 
4 3 6 8 10 
4 7 9 13 
9 12 16 22 
13 12 11 10 
17 16 21 20 19 
18 10 5 1 
20 15 14 10 
23 17 13 
Set 17
0 5 8 11 15 21 22 
4 7 9 13 17 
4 3 6 8 10 18 
11 12 9 
12 16 22 
17 16 21 
19 14 10 5 1 
19 20 
20 15 14 
21 20 
Set 18
0 5 8 9 13 17 23 
2 6 8 11 15 20 
4 7 9 12 16 22 
7 6 3 
13 12 11 
18 10 5 
18 19 20 21 16 
21 15 14 10 
Set 19
1 5 8 11 12 16 
4 7 9 13 17 23 
5 0 
6 8 9 
10 11 15 21 22 23 
12 9 
18 19 20 21 16 17 
19 14 10 5 
Set 20
1 5 8 9 13 17 
2 6 8 11 15 21 
6 5 0 
7 4 2 1 
7 9 12 16 
18 19 20 21 22 23 
21 16 
Set 21
1 5 8 11 15 20 
6 8 10 
7 6 5 0 
7 4 2 
7 9 13 
11 12 16 
19 20 21 16 
21 15 14 
23 17 13 12 
Set 22
1 5 8 11 15 21 
6 8 9 13 
7 4 
7 9 12 16 21 20 19 
10 5 0 
17 13 12 11 10 
Set 23
1 5 8 11 15 21 22 
6 8 9 13 17 
7 9 12 16 21 20 
14 10 5 0 
20 19 18 
Set 24
1 5 8 9 13 17 23 
2 6 8 11 15 21 22 
7 9 12 16 21 
18 10 5 0 
19 20 21 
Set 25
3 6 8 11 
5 8 9 
7 9 12 11 15 14 
13 12 16 
17 13 9 
19 14 10 5 0 
19 20 21 16 17 
Set 26
3 6 8 11 12 
5 8 9 13 
7 9 12 16 22 
11 15 20 
19 20 21 22 
21 16 17 
Set 27
3 6 8 11 15 14 
5 8 9 13 17 
9 7 4 2 
13 12 16 21 20 19 18 
Set 28
3 6 8 11 15 
5 8 9 13 17 23 
9 7 4 
13 12 16 21 20 19 
22 21 15 14 10 
Set 29
3 6 8 11 12 16 
7 9 8 10 
8 5 0 
11 15 21 
19 20 21 22 23 
23 17 13 9 
Set 30
3 6 8 11 15 20 19 
7 9 13 17 
8 5 1 
9 8 10 18 
13 12 16 21 20 
22 21 15 14 
Set 31
3 6 8 11 15 20 
7 9 8 10 18 
8 5 
13 12 16 21 
20 19 
20 21 22 23 
Set 32
3 6 8 11 15 21 
7 9 13 17 23 
9 8 5 0 
13 12 16 22 
20 21 16 
Set 33
3 6 8 11 15 21 22 
8 9 7 
16 12 9 
17 13 12 11 
20 21 16 17 
Set 34
4 3 6 8 11 
7 9 12 11 15 
8 9 13 17 23 
16 12 
21 20 19 18 
23 22 21 15 14 10 
Set 35
4 3 6 8 11 15 14 
9 8 5 1 
9 7 
16 12 13 
21 20 19 
Set 36
4 3 6 8 11 15 
9 8 5 
11 12 9 7 
18 19 20 21 16 12 
23 22 21 15 14 
Set 37
5 8 11 
6 8 10 18 
9 12 11 15 
13 9 7 4 2 
18 19 20 21 16 12 13 
Set 38
5 8 11 12 
6 8 9 13 17 23 
11 15 21 22 
12 9 7 4 2 
19 20 21 16 12 
Set 39
5 8 11 15 
8 6 2 
10 8 9 7 
19 20 21 16 12 9 
Set 40
5 8 11 12 16 
8 6 3 
10 8 9 
11 15 21 22 23 
12 9 7 4 
Set 41
5 8 11 15 20 
8 6 3 4 
12 9 7 
13 9 8 
19 20 21 16 12 13 
Set 42
5 8 11 15 21 
8 6 
13 9 7 4 
18 10 8 9 
20 21 16 12 9 
Set 43
5 8 11 15 21 22 
9 8 6 3 
13 9 7 
20 21 16 12 
Set 44
6 8 11 
12 11 15 14 
13 9 8 5 0 
16 12 9 7 4 2 
22 21 20 19 18 
Set 45
6 8 11 12 
13 9 8 5 1 
14 15 11 
16 12 9 7 4 
22 21 20 19 
Set 46
6 8 11 15 14 
13 9 8 5 
16 12 9 7 
22 21 20 
Set 47
6 8 11 15 
17 13 9 8 5 0 
19 20 21 16 12 9 7 4 
Set 48
6 8 11 12 16 
15 11 
17 13 9 8 5 1 
23 22 21 20 19 18 
Set 49
6 8 11 15 20 19 
17 13 9 7 4 2 
20 21 16 12 13 
Set 50
6 8 11 15 20 
17 13 9 7 4 
21 16 12 9 
23 22 21 20 19 
Set 51
6 8 11 15 21 
17 13 9 8 5 
19 20 21 16 12 9 7 
Set 52
6 8 11 15 21 22 
17 13 9 7 
21 16 12 
Set 53
8 11 12 16 
9 8 6 
16 15 11 
23 17 13 9 7 4 2 
23 22 21 20 
Set 54
8 11 15 20 19 
10 8 6 2 
17 13 9 8 
20 21 16 12 9 7 4 
Set 55
8 11 15 20 
10 8 6 3 
20 21 16 12 9 7 
23 17 13 9 8 5 0 
Set 56
8 11 15 21 
10 8 6 3 4 
21 16 12 9 7 4 
23 17 13 9 8 5 1 
Set 57
8 11 15 21 22 
10 8 6 
21 16 12 9 7 
23 17 13 9 8 5 
Set 58
11 8 5 0 
12 11 15 
13 9 8 6 3 
21 16 12 13 
Set 59
11 8 5 1 
13 9 8 6 
13 12 11 15 14 
22 16 12 9 7 4 
Set 60
11 8 6 2 
13 12 11 15 
18 10 8 9 7 
22 16 12 9 
Set 61
11 8 6 3 
14 15 11 12 9 7 
22 16 12 
23 17 13 9 8 
Set 62
11 8 6 3 4 
14 15 11 12 9 
22 16 12 13 
23 17 13 9 7 4 
Set 63
11 8 5 
14 15 11 12 
17 13 9 8 6 3 
22 16 12 9 7 
Set 64
11 8 6 
14 15 11 12 13 
23 17 13 9 7 
Set 65
11 8 
15 11 12 9 7 
17 13 9 8 6 
Set 66
12 11 8 5 0 
18 10 8 6 2 
19 20 15 11 
Set 67
12 11 8 5 1 
18 10 8 6 3 
20 15 11 
Set 68
12 11 8 6 3 
21 15 11 
Set 69
12 11 8 5 
18 10 8 6 3 4 
22 21 15 11 
Set 70
12 11 8 6 
23 22 21 15 11 
Set 71
12 11 8 
18 10 8 6 
Set 72
14 15 11 8 6 2 
Set 73
14 15 11 8 6 3 
Set 74
14 15 11 8 6 3 4 
Set 75
14 15 11 8 6 
Set 76
14 15 11 8 
23 17 13 9 8 6 3 
Set 77
15 11 8 5 0 
23 17 13 9 8 6 
Set 78
15 11 8 5 1 
Set 79
15 11 8 6 2 
Set 80
15 11 8 6 3 
Set 81
15 11 8 6 3 4 
Set 82
15 11 8 5 
Set 83
15 11 8 6 
Set 84
15 11 8 
Set 85
15 11 12 9 
Set 86
15 11 12 
Set 87
15 11 12 13 
Set 88
16 15 11 8 5 0 
Set 89
16 15 11 8 5 1 
Set 90
16 15 11 8 6 3 
Set 91
16 15 11 8 5 
Set 92
16 15 11 8 6 
Set 93
16 15 11 8 
Set 94
19 20 15 11 8 6 2 
Set 95
19 20 15 11 8 6 3 
Set 96
19 20 15 11 8 6 
Set 97
19 20 15 11 8 
Set 98
20 15 11 8 5 0 
Set 99
20 15 11 8 5 1 
Set 100
20 15 11 8 6 2 
Set 101
20 15 11 8 6 3 
Set 102
20 15 11 8 5 
Set 103
20 15 11 8 6 
Set 104
20 15 11 8 
Set 105
21 15 11 8 5 0 
Set 106
21 15 11 8 5 1 
Set 107
21 15 11 8 6 2 
Set 108
21 15 11 8 6 3 
Set 109
21 15 11 8 5 
Set 110
21 15 11 8 6 
Set 111
21 15 11 8 
Set 112
22 21 15 11 8 5 0 
Set 113
22 21 15 11 8 5 1 
Set 114
22 21 15 11 8 6 2 
Set 115
22 21 15 11 8 6 3 
Set 116
22 21 15 11 8 5 
Set 117
22 21 15 11 8 6 
Set 118
22 21 15 11 8 
